[DEFAULT]
calibrationvalue = 541.9547008547008
tareweight = 119496.86666666667

