[DEFAULT]
calibrationvalue = 546.9543859649123
tareweight = 120410.66666666667

